== MAYO01.MAP

1st (12):
08 00 53 00 0C 00 E9 F4 00 00 C4 01 00 00 00 00 00 00 F4 01 00 00 05 00

2nd (10):
E9 F4 00 00 C4 01 E9 F4 00 00 B0 01 3C 00 00 00 00 00 53 00 0C 00 12 FA 00 00 1F F7 00 00 00 00 00 00 F4 01 00 00 06 00

3rd (12):
12 FA 00 00 1F F7 12 FA 00 00 33 F7 4D 00 0C 00 E4 06 00 00 6C F6 00 00 00 00 00 00 F4 01 00 00 07 00

4th (8):
50 00 00 00 00 00 E4 06 00 00 6C F6 50 00 00 00 00 00 E4 06 00 00 A0 F6 4D 00 0C 00 E8 08 00 00 84 07 00 00 00 00 00 00 00 00 00 00 08 00

5th (8):
E8 08 00 00 84 07 BC 08 00 00 95 03 A2 04 00 00 95 03 B0 04 00 00 AF 07 53 00 0C 00 A2 04 00 00 95 03 00 00 00 00 00 00 00 00 00 00 09 00

6th (8):
A2 04 00 00 95 03 B0 04 00 00 AF 07 E8 08 00 00 84 07 BC 08 00 00 95 03 4A 00 0C 00 E9 F4 00 00 C4 01 00 00 00 00 00 00 F4 01 00 00 0A 00

7th (10):
E9 F4 00 00 C4 01 E9 F4 00 00 B0 01 3C 00 00 00 00 00 4A 00 0C 00 A2 04 00 00 95 03 00 00 00 00 00 00 00 00 00 00 0B 00

8th (8):
A2 04 00 00 95 03 B0 04 00 00 AF 07 E8 08 00 00 84 07 BC 08 00 00 95 03 4A 00 0C 00 E4 06 00 00 6C F6 00 00 00 00 00 00 F4 01 00 00 0C 00

== MAYO02.MAP

1st (12):
05 00 4D 00 02 00 87 F9 00 00 CB FD 00 00 00 0C 00 00 BC 02 00 00 05 00

2nd (14):
28 00 00 00 00 00 98 00 01 00 8F 00 00 00 18 FC 00 00 00 04 00 00 00 00 00 00 06 00

3rd (14):
28 00 00 00 00 00 4D 00 02 00 F4 05 00 00 15 03 00 00 00 0C 00 00 BC 02 00 00 07 00

4th (14):
28 00 00 00 00 00 4A 00 02 00 87 F9 00 00 CB FD 00 00 00 0C 00 00 BC 02 00 00 08 00

5th (14):
28 00 00 00 00 00 4A 00 02 00 F4 05 00 00 15 03 00 00 00 0C 00 00 BC 02 00 00 09 00

== MAYO03.MAP

1st (12):
05 00 50 00 0C 00 78 04 00 00 42 FA 00 00 4B 09 00 00 00 00 00 00 05 00

2nd (12):
78 04 00 00 42 FA 78 04 00 00 38 FA 50 00 0C 00 65 00 00 00 68 00 00 00 4B 09 00 00 00 00 00 00 06 00

3rd (10):
65 00 68 00 00 00 28 00 00 00 00 00 65 00 72 00 00 00 A4 00 01 00 FB 06 00 00 96 09 00 00 00 0A 00 00 00 00 00 00 07 00

4th (14):

28 00 00 00 00 00 50 00 0C 00 E2 FB 00 00 02 F9 00 00 00 0A 00 00 E8 03 00 00 08 00

5th (14):

28 00 00 00 00 00 50 00 0C 00 44 F9 00 00 CC FC 00 00 00 0C 00 00 E8 03 00 00 09 00

== MAYO04A.MAP

1st (14):
05 00 A2 00 01 00 28 01 18 FC 49 07 00 00 00 02 00 00 00 00 00 00 05 00

2nd (14):
0A 00 00 00 00 00 56 00 0C 00 13 01 00 00 DB 06 00 00 00 00 00 00 58 02 00 00 06 00

3rd (14):
3C 00 00 00 00 00 56 00 0C 00 34 05 00 00 57 03 00 00 E9 0F 00 00 2C 01 00 00 07 00

4th (12):
6B 03 00 00 2A 01 34 05 00 00 57 03 50 00 0C 00 13 01 00 00 DB 06 00 00 00 00 00 00 58 02 00 00 08 00

5th (14):
3C 00 00 00 00 00 50 00 0C 00 34 05 00 00 57 03 00 00 E9 0F 00 00 2C 01 00 00 09 00

== MAYO05.MAP

1st (18):
08 00 31 00 01 00 A6 08 00 00 61 03 00 00 00 02 00 00 0A 00 00 00 05 00

2nd (14):
0A 00 00 00 00 00 53 00 0C 00 3A FD 00 00 F7 06 00 00 00 00 00 00 F4 01 00 00 06 00

3rd (10):
60 F9 00 00 13 05 3C 00 00 00 00 00 3A FD 00 00 F7 06 53 00 0C 00 41 FB 00 00 D3 F9 00 00 00 00 00 00 58 02 00 00 07 00

etc
